% % % Results for Question 1
% % TABLE 1
    <strong>id</strong>    <strong>I</strong>    <strong>C</strong>    <strong>P</strong>    <strong>U0</strong>    <strong>U1</strong>      <strong>EV</strong>  
    <strong>__</strong>    <strong>_</strong>    <strong>_</strong>    <strong>_</strong>    <strong>__</strong>    <strong>__</strong>    <strong>______</strong>

     0    0    0    4     0    -4    61.128
     1    1    0    4     0    -4     65.01
     2    2    0    4     0    -4    68.482
     3    3    0    4     0    -4    71.669
     4    4    0    4     0    -4     74.63
     5    5    0    4     0    -4    77.394
     6    6    0    4     0    -4    79.959
     7    7    0    4     0    -4    82.263
     8    8    0    4     0    -4    84.073
     9    0    1    4    -4    -2    58.491
    10    1    1    4     2    -2    63.128
    11    2    1    4     2    -2     67.01
    12    3    1    4     2    -2    70.482
    13    4    1    4     2    -2    73.669
    14    5    1    4     2    -2     76.63
    15    6    1    4     2    -2    79.394
    16    7    1    4     2    -2    81.959
    17    8    1    4     2    -2    84.263
    18    0    0    1     0    -1    63.244
    19    1    0    1     0    -1    66.895
    20    2    0    1     0    -1    70.203
    21    3    0    1     0    -1     73.26
    22    4    0    1     0    -1     76.11
    23    5    0    1     0    -1    78.766
    24    6    0    1     0    -1    81.201
    25    7    0    1     0    -1    83.281
    26    8    0    1     0    -1    84.278
    27    0    1    1    -4     1    61.026
    28    1    1    1     2     1    65.244
    29    2    1    1     2     1    68.895
    30    3    1    1     2     1    72.203
    31    4    1    1     2     1     75.26
    32    5    1    1     2     1     78.11
    33    6    1    1     2     1    80.766
    34    7    1    1     2     1    83.201
    35    8    1    1     2     1    85.281

% % % Results for Question 2
% % TABLE 2
    <strong>id</strong>    <strong>I</strong>    <strong>C</strong>    <strong>P</strong>    <strong>P0hat</strong>     <strong>P1hat</strong>       <strong>EV</strong>      <strong>EVhat</strong>     <strong>Diff_EV</strong>
    <strong>__</strong>    <strong>_</strong>    <strong>_</strong>    <strong>_</strong>    <strong>______</strong>    <strong>______</strong>    <strong>______</strong>    <strong>______</strong>    <strong>_______</strong>

     0    0    0    4    0.4754    0.5246    61.128    61.128       0   
     1    1    0    4    0.6085    0.3915     65.01     65.01       0   
     2    2    0    4    0.6828    0.3172    68.482    68.482       0   
     3    3    0    4    0.7204    0.2796    71.669    71.669       0   
     4    4    0    4    0.7725    0.2275     74.63     74.63       0   
     5    5    0    4    0.8278    0.1722    77.394    77.394       0   
     6    6    0    4    0.8241    0.1759    79.959    79.959       0   
     7    7    0    4    0.8182    0.1818    82.263    82.263       0   
     8    8    0    4     0.999     0.001    84.073    84.073       0   
     9    0    1    4    0.1146    0.8854    58.491    58.491       0   
    10    1    1    4    0.4686    0.5314    63.128    63.128       0   
    11    2    1    4    0.6111    0.3889     67.01     67.01       0   
    12    3    1    4    0.6731    0.3269    70.482    70.482       0   
    13    4    1    4    0.7807    0.2193    73.669    73.669       0   
    14    5    1    4    0.7429    0.2571     76.63     76.63       0   
    15    6    1    4    0.8358    0.1642    79.394    79.394       0   
    16    7    1    4    0.8718    0.1282    81.959    81.959       0   
    17    8    1    4    0.7273    0.2727    84.263    84.263       0   
    18    0    0    1     0.001     0.999    63.244    63.244       0   
    19    1    0    1    0.0672    0.9328    66.895    66.895       0   
    20    2    0    1    0.0826    0.9174    70.203    70.203       0   
    21    3    0    1    0.0795    0.9205     73.26     73.26       0   
    22    4    0    1    0.1538    0.8462     76.11     76.11       0   
    23    5    0    1    0.2174    0.7826    78.766    78.766       0   
    24    6    0    1    0.3333    0.6667    81.201    81.201       0   
    25    7    0    1    0.2857    0.7143    83.281    83.281       0   
    26    8    0    1     0.999     0.001    84.278    84.278       0   
    27    0    1    1     0.001     0.999    61.026    61.026       0   
    28    1    1    1    0.0455    0.9545    65.244    65.244       0   
    29    2    1    1    0.0522    0.9478    68.895    68.895       0   
    30    3    1    1       0.1       0.9    72.203    72.203       0   
    31    4    1    1    0.0968    0.9032     75.26     75.26       0   
    32    5    1    1    0.1765    0.8235     78.11     78.11       0   
    33    6    1    1    0.2857    0.7143    80.766    80.766       0   
    34    7    1    1    0.1667    0.8333    83.201    83.201       0   
    35    8    1    1    0.3333    0.6667    85.281    85.281       0   

% % Differences Stats
MaxMean
     0     0

Optimal lambda: -4.0200
Maximum log-likelihood: -2634.7410
% To solve all questions...
Elapsed time is 3.175334 seconds.
